26.038
28.971
31.73
35.244
37.752
40.555
43.979
45.569
48.301
50.015
51.929
53.621
55.247
56.629
57.383
58.436
58.779
58.969
59.415
59.134
58.896
58.204
57.421
55.605
55.043
53.591
51.931
50.066
47.974
44.839
43.041
40.576
37.568
34.844
30.781
28.277
25.248
21.505
18.331
14.773
10.119
15.117
10.984
6.4642
1.7023
-3.1799
-8.1304
-12.632
-14.964
-20.243
-23.448
-27.684
-29.369
-33.353
-36.777
-39.214
-41.938
-46.484
-46.559
-50.637
-50.681
-52.463
-53.987
-55.24
-56.327
-58.409
-57.616
-58.015
-58.968
-58.6
-58.838
-58.251
-57.441
-56.404
-55.145
-53.668
-51.98
-50.086
-47.994
-45.713
-42.205
-40.62
-37.828
-34.886
-31.807
-27.442
-25.284
-21.867
-18.364
-14.787
-11.153
-7.4749
-3.7672
-0.044697
3.6779
7.3859
11.064
15.67
18.277
21.782
25.2
28.519
32.444
34.807
37.751
40.546
43.18
45.645
47.929
50.024
51.921
53.614
55.095
56.358
57.287
58.214
58.8
59.152
59.271
58.688
58.809
58.229
57.42
56.383
55.124
53.648
51.96
50.067
47.976
45.696
43.236
39.526
37.814
34.873
31.795
28.591
24.106
21.859
18.356
14.781
11.666
15.12
11.411
6.4831
1.7118
-3.1704
-7.1531
-12.187
-17.018
-19.974
-23.636
-27.091
-29.043
-34.125
-35.36
-39.215
-42.032
-45.87
-45.393
-50.378
-50.78
-52.537
-54.055
-55.339
-56.379
-58.454
-57.653
-58.044
-59.389
-58.613
-58.843
-56.177
-57.441
-56.385
-55.118
-53.633
-51.936
-50.035
-47.936
-45.648
-43.179
-40.541
-37.742
-34.794
-31.71
-28.5
-25.177
-21.755
-17.355
-14.788
-11.031
-7.3499
-3.6402
0.3545
3.6779
7.5161
11.195
14.829
18.405
21.909
25.326
28.642
31.846
34.923
37.864
39.444
43.18
45.743
48.022
50.111
50.33
53.614
55.162
56.419
57.452
58.259
58.836
59.181
59.293
59.17
58.814
58.226
55.35
56.383
55.097
53.613
51.917
48.136
47.976
45.631
43.163
40.526
37.728
34.782
31.698
28.489
25.167
21.747
18.24
13.888
11.663
14.855
14.806
14.071
13.23
12.806
11.965
11.219
10.309
9.4184
8.548
7.6989
6.7433
5.9933
5.2704
4.5775
3.9186
3.6228
2.6482
2.4604
1.9194
1.433
1.0073
0.64848
0.36325
0.33996
0.13362
0.014264
0.013417
