-95.481
-92.916
-93.194
-91.494
-87.246
-87.02
-81.732
-81.176
-77.766
-68.474
-69.906
-62.548
-61.212
-56.504
-46.627
-46.206
-37.24
-35.255
-36.863
-35.119
-29.403
-16.849
-11.924
-4.0107
0.4529
9.5843
20.868
20.264
28.946
31.427
39.875
45.83
48.28
58.072
58.304
64.63
69.648
71.199
78.855
78.489
84.98
84.33
89.374
89.28
92.967
91.601
92.563
96.147
96.291
93.346
95.645
91.857
93.386
87.265
89.491
84.431
84.548
81.299
69.85
74.195
63.297
63.218
58.622
50.279
51.467
41.008
37.773
29.203
26.446
23.84
11.807
8.6453
5.687
-3.3707
-5.8883
-21.156
-18.054
-22.51
-34.053
-35.379
-46.72
-46.384
-48.625
-59.095
-63.393
-68.07
-70.1
-75.746
-79.473
-76.336
-85.536
-87.269
-90.659
-91.376
-87.541
-94.629
-95.746
-94.965
-96.031
-90.387
-94.459
-92.697
-91.774
-91.288
-87.238
-85.051
-79.147
-78.872
-78.194
-68.474
-69.917
-61.803
-58.25
-56.879
-44.788
-46.149
-38.471
-31.924
-36.595
-37.034
-40.886
-36.053
-35.059
-35.559
-34.863
-36.314
-28.609
-34.302
-30.464
-29.671
-31.175
-24.8
-29.383
-25.617
-24.703
-24.3
-22.991
-24.07
-21.551
-20.454
-20.143
-18.763
-18.618
-17.101
-16.999
-15.833
-14.714
-13.636
-13.435
-12.277
-11.704
-10.54
-10.049
-8.9137
-8.5032
-7.4121
-7.078
-6.7159
-5.6578
-4.7911
-4.3959
-4.1701
-3.2834
-3.1248
-2.4278
-2.1809
-2.0472
-1.3815
-1.3102
-1.2337
-0.70095
-0.66049
-0.27887
-0.26392
-0.2479
-0.027737
-0.026326
-0.024812
