-0.61981
-0.46416
-0.43781
-0.44766
-0.33501
-0.60389
-0.628
-0.46289
-0.5025
-0.36006
-0.62035
-0.61205
-0.43838
-0.47663
-0.48228
-0.54176
-0.32124
-0.38222
-0.40876
-0.41504
-0.42738
-0.23284
-0.27957
-0.29653
-0.48156
-0.21792
-0.14803
-0.14976
-0.1577
-0.33334
-0.067026
-0.038784
0.0026016
-0.09092
-0.10416
0.088535
0.062209
0.12687
-0.15237
0.20816
0.2318
0.2364
0.20303
0.011655
0.31576
0.35409
0.33823
0.32231
0.074913
0.43601
0.28475
0.40565
0.49351
0.13703
0.47819
0.36063
0.49509
0.38105
0.49905
0.55048
0.43203
0.60104
0.39827
0.58579
0.60065
0.51485
0.64598
0.31349
0.63655
0.67638
0.60582
0.6457
0.3456
0.66528
0.70872
0.66871
0.68591
0.40621
0.68019
0.71718
0.68671
0.43054
0.67683
0.69377
0.69913
0.68513
0.43716
0.68213
0.69111
0.66894
0.67604
0.41561
0.67996
0.69109
0.64721
0.65378
0.37666
0.65441
0.66337
0.6191
0.50837
0.51923
0.62714
0.61629
0.6008
0.46163
0.59347
0.5935
0.57623
0.55966
0.43775
0.55836
0.55184
0.532
0.37102
0.55637
0.5202
0.50744
0.48432
0.31478
0.48611
0.47201
0.45167
0.43538
0.2851
0.43113
0.42699
0.41304
0.39321
0.23165
0.37298
0.37904
0.34961
0.38547
0.18195
0.36867
0.33391
0.28557
0.14851
0.31491
0.32622
0.29053
0.2799
0.10837
0.24476
0.29181
0.25565
0.24639
0.051647
0.23057
0.25516
0.26105
0.26289
0.012831
0.20693
0.22089
0.23601
0.042579
0.18376
0.18898
0.22914
0.20232
0.010233
0.15708
0.17065
0.20745
0.19135
-0.072505
0.18209
0.18991
0.19164
0.18539
-0.1006
0.16713
0.16777
0.17604
0.1787
-0.10341
0.16787
0.14644
0.1594
-0.11918
0.14495
0.18675
0.12709
0.14321
-0.15844
0.12888
0.17377
0.11014
0.12593
-0.1754
0.13978
0.158
0.11762
0.13762
-0.18858
0.11927
0.1188
0.098341
0.001757
-0.0095043
0.094713
0.072898
0.07593
-0.034865
0.075188
0.072656
0.058535
0.053758
-0.073526
0.057843
0.060767
0.043396
0.030577
-0.1136
0.035608
0.023911
0.027796
-0.14365
0.035256
0.010963
0.0009584
0.012337
-0.17355
0.019408
-0.010522
-0.019558
-0.026947
-0.20167
0.0036823
-0.029659
-0.011628
-0.043776
-0.21149
-0.011276
-0.045515
-0.026053
-0.2398
-0.045466
-0.028064
-0.059262
-0.040112
-0.25603
-0.055329
-0.061827
-0.066795
-0.052014
-0.25743
-0.045431
-0.068777
-0.07158
-0.27071
-0.062455
-0.067665
-0.071315
-0.073957
-0.27379
-0.063138
-0.067679
-0.070683
-0.072695
-0.27287
-0.061297
-0.065279
-0.067781
-0.069331
-0.26193
-0.058781
-0.06238
-0.064569
-0.065862
-0.25669
-0.055673
-0.059014
-0.061048
-0.062248
-0.24975
-0.052805
-0.056006
-0.058022
-0.2417
-0.051039
-0.054423
-0.05677
-0.058442
-0.23463
-0.052012
-0.055374
-0.057872
-0.059776
-0.22763
-0.054966
-0.058286
-0.060925
-0.063074
-0.22083
-0.059999
-0.063208
-0.065934
-0.061866
-0.14066
-0.068695
-0.071691
-0.07441
-0.069998
-0.073901
-0.077511
-0.080819
-0.083802
-0.0791
-0.083226
-0.087025
-0.090479
-0.093576
-0.088362
-0.092544
-0.096362
-0.099798
-0.094268
-0.098748
-0.10284
-0.10652
-0.10979
-0.10339
-0.10761
-0.11141
-0.11476
-0.11767
-0.11023
-0.11401
-0.11734
-0.1202
-0.1226
-0.11399
-0.11719
-0.11992
-0.12218
-0.11287
-0.11588
-0.11843
-0.12052
-0.12213
-0.11168
-0.11397
-0.11582
-0.11722
-0.11815
-0.10664
-0.10821
-0.10935
-0.11006
-0.098123
-0.099438
-0.10036
-0.10089
-0.10101
-0.088467
-0.089163
-0.089507
-0.089499
-0.089137
-0.076287
-0.076465
-0.07634
-0.075916
-0.075191
-0.062412
-0.062205
-0.061752
-0.061056
-0.060119
-0.047829
-0.047387
-0.046757
-0.045942
-0.044946
-0.033588
-0.033057
-0.032395
-0.031606
-0.02175
-0.021375
-0.020915
-0.020372
-0.019749
-0.011679
-0.011406
-0.011088
-0.010727
-0.010322
-0.0044248
-0.0042887
-0.0041355
-0.0039658
-0.0037805
-0.00039324
-0.00037458
-0.00035439
-0.00033276
-0.00030978
