-0.62153
-0.46588
-0.4395
-0.44939
-0.33677
-0.60566
-0.62969
-0.46462
-0.50418
-0.36182
-0.62212
-0.61372
-0.4401
-0.47827
-0.48402
-0.54345
-0.3229
-0.38394
-0.41039
-0.41674
-0.42905
-0.23454
-0.28127
-0.29817
-0.48325
-0.21951
-0.14973
-0.15147
-0.15933
-0.33503
-0.068598
-0.040472
0.00088769
-0.092543
-0.10587
0.086925
0.060499
0.12511
-0.1541
0.20645
0.23013
0.23463
0.20137
0.0099245
0.31404
0.35238
0.33645
0.32064
0.073186
0.4343
0.28306
0.40391
0.49182
0.13531
0.47647
0.35891
0.49339
0.37937
0.49734
0.54887
0.43032
0.59934
0.39663
0.58412
0.59911
0.5132
0.64433
0.31191
0.63492
0.67487
0.60418
0.64407
0.34401
0.66369
0.7072
0.6671
0.68444
0.40467
0.6786
0.71561
0.68506
0.429
0.67525
0.69215
0.6976
0.68347
0.43556
0.6805
0.68947
0.66733
0.67436
0.41398
0.67832
0.68952
0.64557
0.65209
0.375
0.65277
0.66177
0.61746
0.50672
0.51757
0.6255
0.61464
0.59913
0.45997
0.59185
0.59188
0.5746
0.55802
0.43614
0.55679
0.55025
0.53041
0.36943
0.55485
0.51868
0.50589
0.48278
0.31323
0.48462
0.47048
0.45013
0.43387
0.28358
0.42966
0.42547
0.41158
0.39172
0.23014
0.37151
0.37753
0.34816
0.384
0.18044
0.3672
0.33238
0.28405
0.14698
0.3134
0.32472
0.28898
0.27839
0.10684
0.24329
0.29031
0.2541
0.24489
0.050132
0.2291
0.25366
0.25953
0.26139
0.011335
0.20548
0.21944
0.23452
0.041153
0.18231
0.18756
0.2277
0.20091
0.0088498
0.15569
0.16931
0.20604
0.18998
-0.073845
0.18074
0.18859
0.19028
0.18406
-0.10192
0.16582
0.16646
0.1747
0.17739
-0.10472
0.16659
0.14515
0.15808
-0.12044
0.14365
0.18547
0.12579
0.14187
-0.15973
0.12757
0.1725
0.10884
0.12459
-0.17668
0.13848
0.15672
0.11629
0.13632
-0.18985
0.11799
0.11759
0.097026
0.00048904
-0.010754
0.093432
0.07167
0.074642
-0.036097
0.07399
0.071406
0.05734
0.052513
-0.074717
0.056645
0.059605
0.042245
0.029386
-0.11474
0.034465
0.022771
0.02668
-0.14478
0.034177
0.0098527
-0.00014939
0.011247
-0.17464
0.018353
-0.011603
-0.020638
-0.028035
-0.20274
0.0026451
-0.030722
-0.012687
-0.044857
-0.21255
-0.012308
-0.046584
-0.027105
-0.24088
-0.046516
-0.029097
-0.060334
-0.041154
-0.2571
-0.056373
-0.062887
-0.06786
-0.053033
-0.25846
-0.046406
-0.069808
-0.072614
-0.27173
-0.063443
-0.06866
-0.072307
-0.074952
-0.27478
-0.064078
-0.068626
-0.071626
-0.073636
-0.2738
-0.062176
-0.066169
-0.068671
-0.070222
-0.26278
-0.05961
-0.063217
-0.065411
-0.066705
-0.2575
-0.056459
-0.059813
-0.061855
-0.063058
-0.25053
-0.053572
-0.056785
-0.058814
-0.24247
-0.051795
-0.055194
-0.057554
-0.059239
-0.2354
-0.052763
-0.056142
-0.058653
-0.06057
-0.22839
-0.055715
-0.059052
-0.061702
-0.063855
-0.22158
-0.060737
-0.063955
-0.066691
-0.062601
-0.14139
-0.069413
-0.072407
-0.075129
-0.070691
-0.074587
-0.078193
-0.081491
-0.084474
-0.079735
-0.083854
-0.087646
-0.091096
-0.094187
-0.088935
-0.093113
-0.096924
-0.10036
-0.09479
-0.099269
-0.10336
-0.10704
-0.1103
-0.10387
-0.10809
-0.11189
-0.11525
-0.11816
-0.11068
-0.11447
-0.1178
-0.12068
-0.12308
-0.11444
-0.11764
-0.12038
-0.12265
-0.1133
-0.11632
-0.11888
-0.12097
-0.12259
-0.11209
-0.1144
-0.11625
-0.11765
-0.11859
-0.10703
-0.1086
-0.10975
-0.11046
-0.09847
-0.099785
-0.10071
-0.10123
-0.10136
-0.08876
-0.089453
-0.089796
-0.089785
-0.08942
-0.076515
-0.07669
-0.076564
-0.076138
-0.075413
-0.062577
-0.062369
-0.061915
-0.06122
-0.060285
-0.047941
-0.047499
-0.046873
-0.046063
-0.045071
-0.033664
-0.033139
-0.032483
-0.031699
-0.021797
-0.021428
-0.020974
-0.02044
-0.019825
-0.011713
-0.011447
-0.011136
-0.010783
-0.010387
-0.0044497
-0.0043187
-0.0041711
-0.0040072
-0.0038279
-0.00040253
-0.00038586
-0.00036773
-0.00034823
-0.00032741
